FA , FB, FC, TA, TB, TC, 
-731.945038000122, 344.514846999897, 302.195549000055, -66.1611560001038, -734.329223999986, -516.176224000053, 
-721.812247999944, 358.22391499998, 306.963921000017, -66.1611550000962, -735.521316000028, -516.176224000053, 
-711.679457999999, 359.416008000029, 301.003456000006, -69.1413879999891, -731.348992000101, -517.368316999869, 
-723.004340999993, 357.62786899996, 308.752059000079, -66.1611560001038, -735.521317000035, -516.772270000074, 
-730.156899000052, 358.22391499998, 304.579735000152, -66.161155999871, -734.925270000007, -517.368316999869, 
-719.428061999846, 351.071356999921, 303.387641000096, -61.9888299999293, -729.560852000024, -512.599944999907, 
-723.600387000013, 340.342521999963, 305.771827000193, -61.9888309999369, -731.348991000094, -516.176223000046, 
-740.88573400001, 360.01205400005, 305.771827000193, -67.3532489999197, -734.925270000007, -516.176224000053, 
-734.925271000015, 351.667404999956, 307.559967000037, -61.9888299999293, -733.137130999938, -516.772270000074, 
-718.832015999826, 357.031821999932, 305.77182699996, -66.161155999871, -736.117362999823, -513.792037999956, 
-719.428062000079, 349.87926499988, 308.752059999853, -64.3730170000345, -732.541083999909, -516.772270000074, 
-718.235970000038, 349.879265000112, 303.387642000103, -69.1413879999891, -733.13713100017, -516.772270000074, 
-732.541084000142, 338.554382999893, 305.17578099994, -61.3927849999163, -734.925270000007, -516.176224000053, 
-720.620155000128, 352.859496999998, 305.17578099994, -62.5848769999575, -734.329223999986, -515.580177000025, 
-718.832016000059, 348.091126000043, 309.348106999882, -67.3532490001526, -733.13713100017, -514.984131000005, 
-712.275505000027, 355.839729000116, 309.944152999902, -64.3730160000268, -731.945037999889, -514.388083999977, 
-724.196434000041, 348.091126000043, 303.983687999891, -67.3532479999121, -734.925270000007, -516.176224000053, 
-718.23596900003, 351.667403999949, 311.732292000204, -66.7572019998915, -734.925270000007, -516.772269999841, 
-723.600387000013, 343.918801000109, 306.963921000017, -67.3532489999197, -733.733178000199, -516.772270999849, 
-714.659690999892, 353.455543000018, 302.791595000075, -64.969063000055, -732.541084000142, -517.368316999869, 
-737.309456000105, 354.051590000046, 301.003456000006, -66.161155999871, -729.560852000024, -513.195991999935, 
-748.03829200007, 361.800193999894, 296.831131000072, -69.7374340000097, -728.368758999975, -516.772269999841, 
-740.885735000018, 362.396240000147, 292.658804999897, -69.1413879999891, -725.984574000118, -513.195991999935, 
-744.462013000157, 362.396240999922, 293.254851999925, -72.121620999882, -730.752945000073, -516.176223000046, 
-742.673874000087, 358.22391499998, 289.67857400002, -67.3532489999197, -727.772713000188, -512.003897999879, 
-742.673874000087, 354.647637000075, 294.446944999974, -70.9295270000584, -729.560852000024, -514.388083999977, 
-743.269921000116, 359.416008000029, 286.102294999873, -67.9492949999403, -728.964804999996, -514.388084999984, 
-743.865966999903, 358.819962000009, 295.042992000002, -69.7374340000097, -730.752945000073, -514.984131000005, 
-742.077827000059, 355.839729999891, 296.235084000044, -70.9295280000661, -730.752945000073, -517.368317000102, 
-740.289688999997, 359.416008000029, 294.446944999974, -65.5651090000756, -730.75294499984, -513.792036999948, 
-759.363175000064, 361.204148000106, 289.67857400002, -65.5651099998504, -728.964804999996, -514.984131000005, 
-734.925270000007, 358.22391499998, 299.81136300019, -69.1413879999891, -730.156898000045, -514.984129999997, 
-740.885735000018, 361.204148000106, 295.042992000002, -69.1413880002219, -729.560852000024, -514.388085000217, 
-740.28968799999, 351.071357000154, 301.003456000006, -67.9492949999403, -730.752945000073, -516.176222999813, 
-739.693641999969, 363.588332999963, 302.195549000055, -70.3334810000379, -730.752945000073, -514.984131000005, 
-756.382941999938, 364.780426000012, 296.235084000044, -70.9295279998332, -729.560852000024, -514.984131000005, 
-749.82643100014, 359.416008000029, 298.619269999908, -71.525573000079, -731.348991000094, -514.388083999977, 
-752.210617000004, 355.839729999891, 292.658806000138, -69.7374340000097, -728.368759999983, -519.752502999967, 
-743.865967000136, 355.243682000088, 295.63903799979, -70.9295270000584, -729.560852000024, -514.388084999984, 
-752.806663000025, 353.455543999793, 287.294387999922, -76.2939450000413, -737.309456000105, -521.540642000036, 
-767.707824999932, 368.356703999918, 286.102294000098, -68.5453419999685, -725.984574000118, -514.984129999997, 
-773.668289999943, 367.760659000138, 279.545783999842, -72.717665999895, -722.408295000205, -510.215759000042, 
-771.880150000099, 367.760658999905, 272.989273000043, -73.9097600001842, -725.388526999857, -514.388085000217, 
-762.343405999942, 364.184379999992, 270.605086999945, -70.9295280000661, -724.196434000041, -514.388084999984, 
-774.264336000197, 367.760657999897, 280.141830000095, -69.1413879999891, -723.600387000013, -512.59994500014, 
-758.767128000036, 365.972519000061, 285.506249000086, -75.6978990000207, -726.580618999898, -512.59994500014, 
-759.959220999852, 373.125076999888, 283.122062999988, -70.9295269998256, -727.772711999947, -511.407852000091, 
-773.072243000148, 370.740890000016, 281.333923000144, -73.3137129999232, -724.196434000041, -513.792038000189, 
-773.668288999936, 364.780426000012, 287.890434000175, -68.5453419999685, -723.004340999993, -512.599944999907, 
-764.131546000019, 361.204147999873, 277.757645000005, -70.9295280000661, -726.580620000139, -514.388083999977, 
-767.111779000144, 355.243682999862, 268.816947999876, -70.9295280000661, -724.792480000062, -513.195990999928, 
-766.515732000116, 367.760657999897, 281.333923000144, -69.7374340000097, -725.388526999857, -514.984131000005, 
-769.495964000002, 364.780426000012, 285.506248000078, -72.1216199998744, -724.196434000041, -516.772270999849, 
-771.880150000099, 355.243683000095, 295.042990999995, -70.9295269998256, -722.408294999972, -513.195991999935, 
-775.456428000005, 368.356704999926, 284.910202000057, -72.1216200001072, -725.38852700009, -514.388084999984, 
-767.111778000137, 365.376472000033, 275.373458999908, -72.7176669999026, -721.216201999923, -510.811805999838, 
-771.880149999866, 360.608100999845, 278.353691000026, -73.9097599999513, -726.580620000139, -514.984129999997, 
-770.09201100003, 361.800193000119, 280.141830000095, -69.7374340000097, -724.792480000062, -514.388083999977, 
-765.323639000067, 362.992286000168, 275.969504999928, -76.2939460000489, -724.792480000062, -514.388084999984, 
-777.244567999849, 368.356705000158, 285.506248000078, -74.5058059999719, -724.196434999816, -513.792038000189, 
-793.933867999818, 386.238097999943, 265.836714999983, -78.678130999906, -721.216200999916, -515.580178000033, 
-783.801078999881, 377.893448000075, 269.412993999897, -76.8899920000695, -722.408294999972, -512.59994500014, 
-790.953635999933, 379.681586999912, 279.545783999842, -76.2939450000413, -721.216202000156, -517.96436299989, 
-789.165497000096, 370.740891000023, 262.260437000077, -72.121620999882, -720.620154999895, -512.59994500014, 
-795.125960999867, 371.336937000044, 269.412994000129, -77.48603800009, -719.428062000079, -510.811806000071, 
-799.298285999801, 385.642052000156, 272.393227000022, -78.0820840001106, -721.216202000156, -513.792037999956, 
-787.377357000019, 385.642052000156, 262.856484000105, -73.3137139999308, -718.235970000038, -513.792037999956, 
-800.490379000083, 376.701355000027, 266.432763000019, -76.8899920000695, -717.639924000017, -510.21575899981, 
-796.318053999916, 372.529030000092, 259.87625099998, -75.1018519999925, -718.832015999826, -510.21575899981, 
-787.973404000048, 374.317168999929, 261.068344000028, -74.5058059999719, -723.004340999993, -512.599946000148, 
-800.490379000083, 384.449958999874, 260.472298000008, -73.3137129999232, -722.408293999964, -509.619713000022, 
-792.74177600001, 368.952750999946, 267.028808000032, -80.466270999983, -718.23596900003, -510.21576000005, 
-807.046889999881, 388.622284000041, 271.201132999966, -75.6978990000207, -718.235970000038, -512.599944999907, 
-798.106192999985, 382.065773000009, 266.432762000011, -76.8899920000695, -717.63992300001, -512.003897999879, 
-794.529915000079, 374.317168999929, 265.836715999991, -72.7176670001354, -721.812247999944, -513.792038000189, 
-793.33782200003, 375.509261999978, 267.028808000032, -78.0820849998854, -720.620154999895, -513.195991999935, 
-790.953636000166, 372.529029000085, 258.684158999939, -76.2939450000413, -716.447829999961, -512.599944999907, 
-795.1259610001, 373.12507599988, 274.181366000092, -78.0820840001106, -720.620155000128, -512.003898000112, 
-790.357589999912, 380.873680000193, 263.452529999893, -76.8899910000619, -720.024109000107, -514.388084999984, 
-793.33782200003, 376.701355000027, 258.08811199991, -73.9097589999437, -720.024108999874, -509.619713000022, 
-796.914100999944, 464.320183000062, 225.305556999985, -75.6978990000207, -715.25573799992, -515.580178000033, 
-810.027122, 457.763671000022, 235.438345999923, -73.9097600001842, -718.235970000038, -513.195991999935, 
-804.066657999996, 456.571578999981, 234.246254000114, -79.8702239999548, -714.659690999892, -514.984131000005, 
-794.529915000079, 469.684600000037, 227.689743000083, -81.0623170000035, -717.043876999989, -513.792038000189, 
-811.815262000076, 455.379486000165, 224.709509999957, -80.4662699999753, -717.043875999982, -513.195991999935, 
-799.894333000062, 464.916229999857, 229.477881999919, -73.3137139999308, -716.447829999961, -513.195990999928, 
-802.27851900016, 461.339950999944, 230.07392900018, -78.0820849998854, -715.255737000145, -513.195991999935, 
-802.278518999927, 467.300414999947, 243.186951000011, -78.678130999906, -715.255737000145, -517.368316000095, 
-798.106193999993, 452.399253999814, 230.669974999968, -79.8702239999548, -715.85178399994, -514.388084999984, 
-799.894332999829, 467.30041500018, 234.246253999881, -75.1018519999925, -716.447830000194, -513.792037999956, 
-802.874564999947, 470.280647000065, 227.093696999829, -76.8899919998366, -720.620155000128, -514.984131000005, 
-807.046891000122, 458.955764000071, 228.285789000103, -77.4860379998572, -715.255737000145, -515.580177000025, 
-802.874564999947, 469.684601000044, 233.054161000066, -77.4860379998572, -719.428061999846, -513.195991000161, 
-805.854798000073, 460.743904000148, 229.47788300016, -76.8899920000695, -714.659690000117, -512.599944999907, 
-807.046891000122, 460.147858000128, 221.729278000072, -77.48603800009, -713.467598000076, -512.599944999907, 
-799.298286000034, 466.704368000152, 234.84230099991, -81.6583630000241, -715.255736999912, -514.388084999984, 
-801.086426000111, 458.359718000051, 233.650207000086, -80.466270999983, -715.25573799992, -513.792037999956, 
-798.702240000013, 460.147858000128, 230.669974999968, -80.4662700002082, -717.63992300001, -514.984131000005, 
-815.39154099999, 452.995300000068, 234.246254000114, -78.0820850001182, -711.083412999986, -514.984131000005, 
-809.431075999979, 473.260879999958, 228.285790000111, -73.3137129999232, -717.043875999982, -512.003898999887, 
-823.140144000063, 516.176223000046, 193.119048999855, -78.6781310001388, -712.871551000047, -512.599944999907, 
-827.312470000004, 509.619712999789, 205.636024000123, -78.6781310001388, -711.679459000006, -514.388083999977, 
-818.967818999896, 507.235526999924, 202.655793000013, -80.4662699999753, -714.063645000104, -518.560409999918, 
-821.352004999993, 513.792037999956, 200.867652999936, -84.6385950001422, -711.679457999999, -513.195991999935, 
-829.696654999861, 504.851342000067, 198.483467000071, -84.0425499998964, -709.891318999929, -511.407852999866, 
-833.868981000036, 512.003899000119, 203.847885000054, -84.6385949999094, -712.275505000027, -514.388083999977, 
-811.219216000056, 509.023665999994, 208.020209999988, -79.8702239999548, -711.679459000006, -514.388083999977, 
-829.696655000094, 523.328781000106, 200.271606999915, -79.2741769999266, -712.871552000055, -513.792038000189, 
-825.524329999927, 504.255295000039, 205.03997799987, -78.0820850001182, -712.275505000027, -512.59994500014, 
-835.061073000077, 512.003898999887, 198.483467000071, -76.8899919998366, -711.083411999978, -513.195991999935, 
-814.795493999962, 510.21575899981, 194.311142000137, -82.8504560000729, -711.083412999986, -511.407852000091, 
-826.716422999976, 514.388084999984, 196.695328000002, -81.0623170000035, -710.48736499995, -512.003899000119, 
-819.563865999924, 509.023665999994, 191.330910000019, -81.0623170000035, -715.255738000153, -512.59994500014, 
-828.504563000053, 519.752502999967, 205.03997799987, -77.4860379998572, -709.891318999929, -513.792037999956, 
-811.815261999844, 515.580177000025, 200.867653000169, -81.0623170000035, -710.48736499995, -514.984131000005, 
-823.736191000091, 512.59994500014, 199.675559999887, -82.8504560000729, -713.467598000076, -510.811805999838, 
-826.120377000188, 517.96436299989, 194.907188000157, -80.4662699999753, -712.275505000027, -512.599945999915, 
-815.987587000011, 516.176224000053, 206.828116999939, -79.8702239999548, -711.083411999978, -511.407852000091, 
-814.199447999941, 504.255295000039, 198.483466999838, -76.2939460000489, -709.295273000142, -508.427620000206, 
-816.583633000031, 519.752502999967, 205.039978000103, -81.0623170000035, -709.891318999929, -510.811805000063, 
-835.061074000085, 561.475753000006, 163.912772999844, -79.2741779999342, -703.930854000151, -512.59994500014, 
-836.253166000126, 567.436219000025, 161.528586999979, -79.8702239999548, -694.99015800003, -507.831573000178, 
-822.544097999809, 560.879706999986, 170.469284000108, -69.7374340000097, -699.758529999992, -519.156455999939, 
-827.312468999997, 567.436218000017, 165.700912999921, -88.8109210000839, -702.142715000082, -506.043434000108, 
-827.312470000004, 562.071800000034, 162.124634000007, -88.8109210000839, -703.930854999926, -511.407851999858, 
-824.928283999907, 560.879707999993, 172.257422999945, -84.6385960001498, -707.507133000065, -513.195990999928, 
-838.637352000223, 555.515289000003, 149.607657999964, -84.638595999917, -700.950623000041, -506.639480999904, 
-822.544098000042, 553.727149999933, 163.316726000048, -90.0030129998922, -705.718993999995, -512.599944999907, 
-827.312470000004, 569.224358000094, 169.873236999847, -86.4267349999864, -705.718993999995, -509.023667000001, 
-821.948052000022, 562.071800000034, 166.893004999962, -87.6188280000351, -707.507133000065, -513.792037999956, 
-827.312470000004, 562.071801000042, 159.74044799991, -78.0820849998854, -701.546668999828, -513.792037999956, 
-811.815262000076, 562.071800000034, 169.277190999826, -84.638595999917, -699.758528999984, -503.659249000018, 
-827.908516000025, 565.05203199992, 156.164168999996, -76.2939450000413, -705.122947999975, -509.619713000022, 
-823.140144000063, 559.091568000149, 161.528587999986, -82.2544100000523, -703.930854999926, -506.043433999876, 
-828.504563000053, 562.667845999822, 167.48905199999, -81.6583640000317, -700.950622000033, -517.368315999862, 
-823.14014399983, 552.535056999885, 160.33649399993, -82.8504559998401, -697.970389999915, -507.235527000157, 
-837.445258999942, 560.283660999965, 169.277190999826, -63.7769700000063, -668.764113999903, -435.11390700005, 
-820.755957999965, 563.859938999871, 164.508820000105, -82.2544100000523, -700.950622000033, -507.235527000157, 
-816.583633999806, 558.495521000121, 162.720680000028, -84.6385949999094, -703.334809000138, -508.427619999973, 
-824.928283999907, 563.859940000111, 171.661376999924, -84.638595999917, -697.970391000155, -507.235526999924, 
-861.287116999971, 677.108764000004, 94.1753380000591, -89.4069669998717, -694.99015800003, -505.447386999847, 
-861.287116999971, 672.936440000078, 97.155570999952, -89.4069669998717, -694.394111000001, -510.215759000042, 
-859.498977999901, 674.724579000147, 100.13580300007, -83.4465030001011, -694.394112000009, -506.639480999904, 
-863.075257000048, 682.473182999995, 92.983246000018, -89.4069669998717, -692.605971999932, -506.043433999876, 
-869.631767000072, 681.281089000171, 98.3476640000008, -85.2346419999376, -691.413879999891, -506.043433999876, 
-848.174094999908, 674.128532999894, 86.4267349999864, -85.2346419999376, -690.817833000096, -504.255295000039, 
-850.558281000005, 679.492951000109, 92.3871989999898, -87.6188269997947, -694.394111000001, -507.831573999953, 
-854.134558999911, 675.320624999935, 84.638595999917, -86.4267349999864, -691.413879999891, -507.235527000157, 
-863.075257000048, 675.916671999963, 98.3476640000008, -88.8109210000839, -693.20201899996, -504.85134100006, 
-857.114792000037, 672.936440000078, 92.983246000018, -84.6385950001422, -693.798064999981, -506.639480999904, 
-851.154328000033, 675.320625000168, 95.9634779999033, -83.4465020000935, -690.817832999863, -509.023667000001, 
-851.750374000054, 678.896904000081, 95.3674320001155, -83.4465030001011, -694.394112000009, -508.427620000206, 
-851.154327000026, 674.724578999914, 90.0030139998998, -85.2346419999376, -692.605972000165, -506.639480000129, 
-865.459441999905, 683.069229000015, 95.9634779999033, -84.638595999917, -692.009925999912, -509.619713000022, 
-855.922698999988, 675.916671999963, 91.7911529999692, -85.2346419999376, -689.029694000026, -506.639480999904, 
-858.306885000085, 682.473181999987, 92.983246000018, -90.0030140001327, -693.798064999981, -507.831573999953, 
-860.095024000155, 677.108765000012, 91.195105999941, -87.0227810000069, -693.798064999981, -507.235527999932, 
-859.498977999901, 671.744346000021, 91.7911529999692, -89.4069670001045, -693.20201899996, -507.235527000157, 
-851.750374000054, 678.300857000053, 91.1951069999486, -85.8306889999658, -693.20201899996, -507.235526999924, 
-836.849211999914, 684.261322000064, 90.5990600001533, -88.8109210000839, -694.394112000009, -510.215759000042, 
-894.069670999888, 798.702240000013, 26.2260440001264, -81.6583640000317, -705.718993999995, -513.792037999956, 
-884.532927999971, 801.682472000131, 15.4972079999279, -81.0623170000035, -707.507132999832, -513.195990999928, 
-901.818275000202, 802.874564999947, 23.8418580000289, -82.2544100000523, -709.295272999909, -514.388084999984, 
-883.936882000184, 800.490379000083, 19.6695330000948, -76.8899920000695, -706.911087000044, -510.215759000042, 
-902.414321999997, 823.140144000063, 19.0734859998338, -77.4860379998572, -709.295273000142, -516.772270999849, 
-889.301301000174, 814.795493999962, 16.0932540001813, -77.4860390000977, -708.699225999881, -516.176223999821, 
-904.202461000066, 808.23898299993, 13.7090680000838, -88.8109210000839, -700.354576000012, -513.792037999956, 
-895.261763999937, 800.490379000083, 28.6102289999835, -93.5792930000462, -689.625740000047, -509.619713000022, 
-879.168509999989, 804.662705000024, 15.4972069999203, -90.0030139998998, -686.049462000141, -513.792037999956, 
-889.301300999941, 803.470611999976, 5.36441799998283, -91.1951069999486, -684.261321999831, -509.023667000001, 
-897.645951000042, 817.179680000059, 19.0734859998338, -89.4069669998717, -689.029693999793, -511.407852000091, 
-894.665717999917, 801.682471999899, 19.0734860000666, -94.1753389998339, -689.029694000026, -508.427619999973, 
-895.857810999965, 801.682471999899, 12.516975000035, -91.7911529999692, -686.645507999929, -506.043434000108, 
-873.804092000006, 804.066657999996, 25.03395000007, -90.0030129998922, -687.837600999977, -507.831573999953, 
-907.182692999952, 814.199448000174, 14.9011610001326, -91.7911529999692, -686.645507999929, -507.831572999945, 
-910.162926000077, 799.298285999801, 23.8418580000289, -92.983246000018, -689.625739999814, -512.003898000112, 
-888.109207000118, 805.854798000073, 20.8616259999108, -90.0030129998922, -687.83759999997, -507.831572999945, 
-910.758972000098, 806.450844000094, 19.6695320000872, -91.791153000202, -687.241553999949, -507.235527000157, 
-913.143158000195, 799.298287000041, 20.2655790001154, -88.8109209998511, -689.625740000047, -510.811806000071, 
-903.010369000025, 802.278517999919, 5.36441799998283, -91.7911529999692, -686.645507999929, -512.003898000112, 
-674.724577999907, 661.611557000084, 190.734863999998, -59.6046450000722, -736.713409999851, -524.520874000154, 
-667.572022000095, 651.478768000146, 184.178352999967, -51.8560409999918, -733.733176999958, -522.732734999852, 
-671.148300000001, 651.478768000146, 184.774398999987, -57.2204589999747, -732.541083999909, -520.348548999988, 
-672.93643900007, 660.419464000035, 193.119049000088, -55.4323199999053, -737.309456000105, -523.328781000106, 
-671.148300000001, 659.227370999986, 187.754631000105, -59.0085990000516, -734.925270000007, -525.116919999942, 
-665.783882000018, 660.419464000035, 184.77439799998, -59.6046450000722, -735.521316000028, -520.944595000008, 
-680.08899700013, 651.478767000139, 191.926956000039, -57.8165049999952, -735.521316999802, -520.348548999988, 
-669.956208000192, 650.286673999857, 187.754631000105, -59.0085990000516, -733.733176999958, -523.328780999873, 
-656.247139000101, 654.458999000024, 185.370445000008, -60.2006910000928, -735.521316000028, -526.309012999991, 
-669.95620799996, 664.591789999977, 196.099281999981, -56.0283659999259, -732.541084000142, -520.34854799998, 
-687.241553999949, 655.65109199984, 181.794166000094, -57.8165049999952, -737.309455999872, -523.924827999901, 
-686.0494609999, 655.65109300008, 180.60207399982, -59.6046450000722, -734.925270000007, -524.520873999922, 
-682.473183000227, 661.611556999851, 186.562538000057, -57.8165050002281, -734.329223999986, -519.156455999939, 
-682.473182999995, 653.266905999975, 183.582305999938, -59.008598000044, -734.925270000007, -521.540642000036, 
-669.360160999931, 665.18783499999, 180.602074000053, -56.6244119999465, -734.329223999986, -520.348548999988, 
-675.916671999963, 658.631324999966, 190.734862999991, -54.8362729998771, -736.713410000084, -524.520873999922, 
-687.241554999957, 659.823418000015, 178.813934999984, -57.8165060000028, -734.925270000007, -521.540642000036, 
-677.704811000032, 646.114348999923, 185.966491000028, -57.8165049999952, -734.925270000007, -522.136688000057, 
-665.783882000018, 659.823418000015, 190.734862999991, -58.4125520000234, -733.733176999958, -523.924828000134, 
-678.300857000053, 663.39969599992, 174.641608999809, -59.0085989998188, -736.713409000076, -524.520874000154, 
