FA, FB, FC, TA, TB, TC, 
-857.114792000037, 364.184380000224, 64.3730160000268, -87.0227820000146, -751.614570999984, -479.81739099999, 
-861.883163999999, 343.322753999848, 48.8758080000989, -767.111777999904, -1022.81570399995, -644.326211000094, 
-836.849213000154, 347.495079000015, 78.0820840001106, -109.672545999987, -759.959221000085, -475.049019000027, 
-840.425492000068, 357.031821999932, 59.6046440000646, -101.327895999886, -752.806664000032, -487.565994000062, 
-844.597817000002, 333.189964000136, 78.0820840001106, -89.4069669998717, -761.747361000162, -482.20157600008, 
-861.883162999991, 357.62786899996, 63.1809230002109, -90.0030139998998, -748.634339000098, -482.201575999847, 
-838.637351999991, 353.455543000018, 66.161155999871, -84.6385950001422, -753.998756000074, -490.546225999948, 
-862.47921000002, 352.263450999977, 74.5058059999719, -78.6781320001464, -751.614570999984, -480.41343700001, 
-841.617583999876, 345.110893999925, 84.6385949999094, -77.48603800009, -748.634338999866, -482.797623000108, 
-868.439675000031, 336.766242999816, 66.1611560001038, -90.0030129998922, -748.03829200007, -485.181808000198, 
-854.730606999947, 358.22391499998, 72.121620999882, -95.9634779999033, -749.230384000111, -486.373901000014, 
-849.962234999985, 363.588332999963, 57.2204589999747, -92.9832459997851, -748.634337999858, -481.009483000031, 
-841.617584000109, 351.071357999928, 69.1413879999891, -81.6583640000317, -752.210617000004, -485.181808999972, 
-860.691069999943, 354.647635999834, 54.8362729998771, -89.4069670001045, -753.402710000053, -485.777854999993, 
-851.154328000033, 358.819961000001, 62.5848769999575, -87.0227810000069, -751.614569999976, -481.009483000031, 
-830.292702000123, 349.87926499988, 75.6978989997879, -88.2148740000557, -750.422476999927, -481.009484000038, 
-852.942465999862, 351.071357999928, 65.5651099998504, -88.8109210000839, -746.250153000001, -485.181808999972, 
-854.730605999939, 348.687172000064, 76.8899920000695, -85.2346420001704, -751.018524000188, -485.777854999993, 
-844.597817000002, 354.051590000046, 68.5453409999609, -79.2741769999266, -748.03829200007, -479.221344000194, 
-843.405723999953, 348.091124999803, 70.333480999805, -85.2346419999376, -753.402710000053, -489.354133999906, 
-881.552695999853, 354.051590000046, 62.5848769999575, -88.2148749998305, -746.846199000021, -478.625297999941, 
-871.419907000149, 355.839729000116, 60.2006910000928, -87.6188279998023, -753.998755999841, -478.625297999941, 
-883.936881999951, 345.110893999925, 66.1611560001038, -102.519988999935, -752.8066639998, -479.81739099999, 
-877.380371000152, 359.416008000029, 64.3730170000345, -97.7516179999802, -748.03829200007, -481.009483000031, 
-876.188278999878, 352.859496999998, 52.4520870000124, -85.8306889999658, -746.250151999993, -482.797622999875, 
-891.089440000011, 357.62786899996, 57.8165060000028, -87.0227810000069, -745.058058999944, -473.260879999958, 
-885.128975, 367.760659000138, 56.0283659999259, -91.1951060001738, -756.978988999967, -479.221343999961, 
-882.148743000114, 357.031821999932, 63.7769700000063, -88.8109210000839, -747.442245000042, -480.41343700001, 
-880.956650000066, 364.780426000012, 59.6046450000722, -102.519988999935, -746.250153000001, -475.645065000048, 
-882.744789000135, 370.740890000016, 55.4323200001381, -87.0227820000146, -749.230384999886, -475.645064999815, 
-894.069672000129, 363.588332999963, 53.0481339998078, -81.6583640000317, -752.806664000032, -473.260879000183, 
-887.513160999864, 376.701355000027, 57.8165049999952, -84.6385950001422, -742.673874000087, -479.221343999961, 
-888.109207000118, 373.721122999908, 61.3927839999087, -90.5990599999204, -753.998756999848, -478.029250999913, 
-894.665717999917, 357.62786899996, 64.3730160000268, -90.0030129998922, -749.230385000119, -479.81739099999, 
-873.208045999985, 368.356704999926, 57.8165060000028, -95.9634779999033, -742.673874000087, -477.433203999884, 
-874.400138999801, 362.396240999922, 63.7769700000063, -87.6188279998023, -752.210617000004, -476.241112000076, 
-877.380370999919, 360.608101000078, 67.3532489999197, -86.4267349999864, -743.865967000136, -475.645066000056, 
-891.089439999778, 378.489494999871, 44.7034830001649, -94.1753389998339, -745.654106000206, -473.260880000191, 
-867.247580999974, 358.22391499998, 50.663947999943, -88.8109200000763, -745.058060000185, -474.452973000007, 
-898.838043000083, 355.839729999891, 73.313713000156, -98.9437100000214, -747.442245000042, -473.26087899995, 
-940.561295000138, 346.899032999994, 33.3786009999458, -91.7911529999692, -749.230384999886, -467.300414999947, 
-922.083854000084, 365.972519000061, 45.2995299999602, -94.7713850000873, -751.614569999976, -472.068786000134, 
-913.143157999963, 383.257866000058, 45.8955769999884, -88.2148740000557, -748.038291000063, -470.280647000065, 
-910.162925999844, 371.336937000044, 54.2402270000894, -102.519988999935, -749.230384000111, -470.876694000093, 
-942.349432999967, 369.5487970002, 59.0085979998112, -92.9832450000104, -749.230384999886, -473.26087899995, 
-942.945481000002, 368.356703999918, 23.2458110000007, -100.13580300007, -748.03829200007, -467.896461999975, 
-935.792922999943, 367.164611999877, 40.531157999998, -104.308129000012, -743.865965999896, -470.280647000065, 
-913.143157999963, 358.819962000009, 40.531157999998, -104.308128000004, -749.826432000147, -471.472739999881, 
-910.162926000077, 370.740891000023, 46.491623000009, -100.731849999866, -747.442244999809, -467.300414999947, 
-908.374786, 368.356703999918, 56.0283659999259, -98.3476640000008, -749.826430999907, -483.393668999895, 
-925.660132999998, 364.780426000012, 43.5113909998909, -100.135802999837, -753.402710000053, -475.049019000027, 
-926.256179999793, 379.085541000124, 45.2995299999602, -103.712081999984, -753.998757000081, -477.433203999884, 
-944.733620000072, 373.125076000113, 46.491623000009, -97.155570999952, -749.230384999886, -472.66483299993, 
-933.408738000086, 370.740891000023, 41.7232520000543, -100.135802999837, -751.018523999956, -470.280647000065, 
-914.931297000032, 376.105309000006, 50.0679019999225, -100.135803999845, -753.402710000053, -478.029251000145, 
-901.818275999976, 362.992285999935, 50.0679009999149, -89.4069670001045, -748.634339000098, -476.837157999864, 
-925.064086999977, 364.780426000012, 41.1272050000262, -98.3476640000008, -747.44224600005, -472.068787000142, 
-906.586646999931, 374.317170000169, 45.2995299999602, -97.7516169999726, -752.806663000025, -471.472739999881, 
-936.985015999991, 362.992285999935, 36.9548800000921, -92.3871989999898, -748.634338000091, -470.876693000086, 
-938.177108000033, 377.893448000075, 43.5113899998832, -97.155570999952, -743.269921000116, -472.068786999909, 
-945.329666000092, 377.297402000055, 33.3786010001786, -101.327895999886, -753.402710000053, -470.876694000093, 
-954.270361999981, 390.41042300011, 22.0537190001924, -110.864639000036, -758.767128000036, -470.876693000086, 
-969.767570999917, 384.449959000107, 9.5367429999169, -104.308128000004, -753.402710000053, -469.684601000044, 
-972.151757000014, 386.238097999943, 25.0339510000777, -101.923943000147, -759.363174000056, -471.472741000121, 
-968.575478000101, 385.046004999895, 34.5706939999945, -101.923942999914, -747.442245999817, -463.128090000013, 
-951.290129999863, 381.469726999989, 23.8418580000289, -104.904175000032, -759.363174000056, -472.068785999902, 
-973.343849000055, 384.449959000107, 24.4379049998242, -104.904175000032, -752.806664000032, -468.492507999996, 
-960.826873000013, 367.760657999897, 20.2655789998826, -109.672546999995, -754.594803000102, -473.856925999979, 
-981.688500000164, 388.622284000041, 30.39836799982, -101.923941999907, -753.402710000053, -467.30041500018, 
-934.004783999873, 379.085540999891, 20.265580000123, -104.308128000004, -752.210617000004, -466.704367999919, 
-960.82687400002, 387.430190999992, 25.0339510000777, -101.923942999914, -752.806664000032, -464.320183000062, 
-944.137573000044, 374.913215999957, 36.3588329998311, -104.904175000032, -758.171082000015, -466.704368999926, 
-946.521758999908, 388.026237000013, 15.4972080001608, -103.712082000216, -755.786895999918, -466.108321999898, 
-982.880591999972, 380.277633000165, 24.4379039998166, -119.805335999932, -888.705253000138, -493.526459000073, 
-958.442688000156, 376.105309000006, 22.0537189999595, -103.712082000216, -756.978988999967, -468.492507999996, 
-972.151756000007, 384.449959000107, 18.477440000046, -103.712081999984, -754.594803000102, -467.896461999975, 
-973.939895999851, 389.814376999857, 32.186507999897, -104.308129000012, -754.594803000102, -466.704368999926, 
-966.787338000024, 385.046005999902, 20.2655799998902, -109.672546999995, -756.978988999967, -468.492507999996, 
-960.230828, 392.198561999947, 22.6497649999801, -109.672545999987, -756.978988999967, -467.8964610002, 
-975.72803499992, 376.105307999998, 33.3786009999458, -102.519988999935, -755.190849000122, -469.684599999804, 
-982.880591999972, 380.873679999961, 3.57627899991348, -115.03696399997, -747.44224600005, -458.359719000058, 
-997.781754000112, 391.602515999926, 0.596046000020579, -111.460685000056, -750.422477999935, -455.975533000194, 
-988.245009999955, 386.834143999964, -3.57627900014631, -117.421150000067, -744.462013999932, -461.935996999964, 
-1009.70268300013, 391.602517000167, -7.74860399984755, -114.440917999949, -749.230384999886, -455.37948699994, 
-1004.33826400014, 389.218330000062, 10.7288359999657, -110.268593000015, -753.998756000074, -454.187393000117, 
-1013.87500800006, 396.370887999889, 9.53674300014973, -113.844870999921, -752.210617000004, -459.551811000099, 
-1013.27896100003, 402.331351999892, 12.5169760000426, -120.401381999953, -752.806663000025, -460.743903999915, 
-1009.1066360001, 393.390654999996, -7.74860399984755, -110.268592000008, -751.018523999956, -456.571579000214, 
-1000.16593899997, 392.198561999947, 4.17232500016689, -109.672545999987, -749.230384999886, -457.763671999797, 
-1013.27896200004, 399.947166000027, 2.38418600009754, -111.460685999831, -746.250153000001, -457.76367200003, 
-1006.12640399998, 402.331351999892, 3.57627799990587, -134.706497000065, -765.919685000088, -464.916229999857, 
-1000.761986, 399.947166000027, -2.38418600009754, -115.03696399997, -761.151314000133, -460.743903999915, 
-992.41733600013, 403.523445999948, -4.76837099995464, -110.864639999811, -754.594801999861, -460.147857999895, 
-1009.70268299989, 399.947166000027, -4.76837199996226, -115.633010999998, -752.806664000032, -463.128090000013, 
-988.245010999963, 401.735306000104, 6.55651100003161, -113.248824999901, -754.594801999861, -461.339950999944, 
-985.860823999858, 388.026237000013, 3.5762780001387, -111.460685999831, -753.402710000053, -463.128089000005, 
-1003.14617100009, 398.755073999986, 2.98023199988529, -116.825103000039, -762.343406999949, -461.339949999936, 
-1009.70268200012, 404.119490999961, -1.78813900006935, -110.864640000043, -753.402710000053, -461.935996999964, 
-1015.0671000001, 407.695771000115, -8.94069700012915, -108.480453000171, -755.786895999918, -461.935996999964, 
-999.569891999941, 398.159026999958, -3.57627900014631, -113.248825000133, -754.594802999869, -463.724136999808, 
-1055.00221299985, 416.040420999983, -20.861625000136, -113.844871999929, -755.78689499991, -461.935997000197, 
-1056.79035199992, 410.079955999972, -15.4972079999279, -116.229058000026, -754.594802999869, -462.532042999985, 
-1026.98802900012, 414.848328000167, -15.4972080001608, -118.017195999855, -752.210618000012, -454.187393000117, 
-1043.67733000009, 407.099724000087, -23.2458120000083, -120.997427999973, -756.978988999967, -457.167626000009, 
-1043.67732999986, 417.828560000053, -13.1130220000632, -116.825103000039, -753.402710000053, -456.571578999981, 
-1018.04733299999, 414.252280999906, -11.9209290000144, -169.87323700008, -919.103622999974, -469.088554000016, 
-1040.10105099995, 407.099724000087, -16.0932539999485, -131.726264999947, -765.919686000096, -464.916228999849, 
-1044.27337699989, 412.46414200007, -16.6893009999767, -123.381614999846, -756.382942999946, -455.379485999933, 
-1018.04733299999, 405.907631000038, -23.2458110000007, -120.997427999973, -756.978988000192, -452.39925300004, 
-1037.71686500008, 408.291816000128, -22.6497649999801, -120.997427999973, -756.978987999959, -459.551812000107, 
-1036.52477300004, 414.848326999927, -16.6893009999767, -120.401381999953, -757.575035999995, -455.975531999953, 
-1026.98802899988, 417.828560000053, -9.53674300014973, -122.785567999817, -759.363174999831, -457.76367200003, 
-1050.82988699991, 422.000884999987, -20.2655789998826, -117.421149999835, -759.363174000056, -455.975532999961, 
-1050.23384099989, 419.616699000122, -8.34465100010857, -117.421150000067, -759.363174000056, -455.379485999933, 
-1029.37221499998, 416.040420999983, -20.2655799998902, -122.18952200003, -755.190849000122, -455.975531999953, 
-1026.3919830001, 413.060189000098, -21.4576719999313, -120.997428999981, -755.19084899989, -453.591346000088, 
-1037.12081900006, 423.192978000036, -25.6299970000982, -119.805335999932, -757.575034999987, -454.187392999884, 
-1025.19989000005, 408.291817000136, -8.94069699989632, -120.401381999953, -759.363174999831, -455.975532000186, 
-1028.77616899996, 402.927397999913, -14.9011609998997, -125.169753999915, -759.363173999824, -461.339950999944, 
-1023.41175099998, 419.616699999897, -26.822090000147, -116.825104000047, -761.151312999893, -459.551811000099, 
-1060.36663099984, 423.789024000056, -50.0679010001477, -116.229057000019, -755.190849000122, -455.975532999961, 
-1063.34686299996, 413.656235000119, -47.0876700000372, -123.381614000071, -761.151312999893, -445.842743000016, 
-1066.32709500007, 423.192978000036, -50.0679019999225, -130.534172000131, -758.171082000015, -445.246696999995, 
-1085.40058099991, 423.192977999803, -47.6837160000578, -125.765801000176, -759.363175000064, -448.22692899988, 
-1068.11523399991, 419.616698999889, -41.7232510000467, -128.149987000041, -757.575034999987, -450.01506799995, 
-1050.82988700015, 429.153441999806, -37.5509260001127, -126.957893999992, -758.767128000036, -448.22692899988, 
-1065.73104900005, 415.444373999955, -38.7430189999286, -126.361846000189, -758.171080999775, -448.226929000113, 
-1079.4401169999, 422.596931000007, -49.4718549998943, -123.977661000099, -756.382943000179, -448.226928000106, 
-1050.23384099989, 433.325766999973, -39.3390659999568, -127.553940000013, -758.171081000008, -446.438790000044, 
-1066.9231420001, 429.749489000067, -43.5113909998909, -129.342080000089, -757.575034999987, -448.226929000113, 
-1074.67174499994, 424.385069999844, -56.0283659999259, -122.78556800005, -758.767127999803, -449.419021999929, 
-1078.84406999988, 424.385071000084, -45.2995299999602, -125.765799999936, -759.363174999831, -449.419022000162, 
-1077.05593099981, 424.385069999844, -42.9153439998627, -126.957893999992, -758.171081000008, -449.419022000162, 
-1049.63779499987, 432.729720999952, -48.8758090001065, -128.746033000061, -759.363174999831, -451.207160999998, 
-1058.57849099999, 425.577162999893, -50.6639480001759, -126.957892999984, -757.575034999987, -450.61111399997, 
-1074.67174499994, 422.596931000007, -36.9548790000845, -128.149986000033, -758.171081000008, -450.61111399997, 
-1056.79035200016, 424.385071000084, -45.8955759999808, -126.361847000197, -759.363175000064, -450.01506799995, 
-1076.45988400001, 424.385071000084, -50.0679020001553, -130.534172000131, -761.151314000133, -451.207160999998, 
-1059.77058400004, 413.06018800009, -48.2797619998455, -129.342079999857, -760.55526799988, -448.226929000113, 
-1077.05593100004, 427.36530299997, -49.4718560001347, -129.938125999877, -759.959220000077, -447.034835999832, 
-1137.85266900016, 467.30041500018, -114.440917999949, -131.726264999947, -759.363174999831, -447.034835000057, 
-1149.77359699993, 466.704368999926, -112.056732000085, -128.149986000033, -760.555266999872, -449.419022000162, 
-1157.52220200002, 466.108321999898, -109.076499999966, -125.169753999915, -759.363174000056, -450.611114999978, 
-1154.5419689999, 462.532042999985, -112.056732000085, -125.169754000148, -758.767128000036, -447.034836000064, 
-1143.81313299993, 475.645066000056, -101.327895999886, -129.938125000102, -758.767128000036, -448.822974999901, 
-1140.83290100005, 470.280647000065, -100.731850000098, -125.169753999915, -756.382941999938, -453.591346999863, 
-1129.50801900006, 466.704368000152, -103.116034999955, -122.78556800005, -756.978988000192, -450.01506799995, 
-1133.08429699996, 466.704368999926, -109.076499999966, -137.090682999929, -758.171082000015, -437.49809200014, 
-1123.54755400005, 466.704368999926, -109.076499999966, -141.263008000096, -763.535499999998, -436.305999999866, 
-1118.77918300009, 471.472741000121, -112.652779000113, -137.090682999929, -761.747359999921, -434.517861000029, 
-1121.16336799995, 470.280647000065, -102.519988999935, -142.455100999912, -760.555268000113, -433.325767999981, 
-1145.00522599998, 475.049019000027, -103.712081999984, -143.05114799994, -759.363173999824, -434.517860000022, 
-1149.17755099991, 470.280647000065, -106.096267999848, -141.263007999863, -761.151314000133, -436.902046000119, 
-1142.62104000011, 473.260879000183, -107.28836100013, -144.243240999989, -760.555268000113, -435.709954000078, 
-1112.81871799985, 464.916228999849, -106.692315000109, -143.051146999933, -756.382941999938, -436.902046000119, 
-1147.9854580001, 474.452971999999, -110.864639000036, -142.455101000145, -761.747360999929, -438.094138999935, 
-1113.41476500011, 461.339950999944, -109.076500000199, -138.878821999999, -761.151314000133, -435.11390700005, 
-1136.66057600011, 470.876693000086, -108.480453999946, -139.474869000027, -761.747360999929, -435.709954000078, 
-1143.81313399994, 476.837157999864, -102.519988999935, -140.666962000076, -761.747359999921, -438.094139000168, 
-1149.77359799994, 454.783439999912, -110.268592999782, -137.686729999958, -761.747360000154, -435.11390700005, 
-1205.20591699984, 559.687614999944, -187.158585000085, -141.263008000096, -762.93945299997, -435.709953000071, 
-1181.36406000005, 558.495522000128, -200.27160600014, -140.666962000076, -762.939453999978, -436.902047000127, 
-1184.34429199994, 556.707382000051, -197.291374000022, -146.627426000079, -759.959221000085, -438.094139000168, 
-1199.24545300007, 562.667847000062, -199.079513000092, -143.647193999961, -762.343406000175, -436.902046000119, 
-1181.36406000005, 571.012495999923, -188.350678000133, -141.263008000096, -761.747359999921, -436.902046000119, 
-1185.53638399998, 554.323195999954, -188.350677000126, -141.263008000096, -764.727593000047, -437.498092999915, 
-1202.82173199998, 556.111336000031, -189.542769999942, -766.515732000116, -783.801078999881, -447.630883000093, 
-1180.171967, 565.05203199992, -187.754631000105, -141.859055000124, -758.171081000008, -429.749489000067, 
-1176.59568800009, 561.475753000006, -199.675559999887, -140.070915000048, -761.151313999901, -430.941581999883, 
-1204.01382400002, 563.263893999858, -198.483466999838, -150.799751000013, -756.978987999959, -426.173210000154, 
-1189.70870899991, 559.091567999916, -177.025794999907, -150.799751000013, -761.747360000154, -425.577164000133, 
-1196.26522099995, 565.05203199992, -197.88742100005, -162.124634000007, -762.343406000175, -421.404837999959, 
-1218.91498499992, 568.032264000038, -197.291374000022, -179.409981000004, -766.515732000116, -424.385071000084, 
-1192.68894200004, 560.879706999986, -190.13881699997, -159.144401000114, -762.93945299997, -422.000884999987, 
-1186.13243100001, 560.283660999965, -198.483467000071, -178.813934999984, -972.747803000035, -578.165053999983, 
-1198.05335900001, 567.436218000017, -194.907187999925, -160.932540999958, -761.151314000133, -423.192978000036, 
-1199.24545300007, 568.628310999833, -190.138817000203, -162.720680000028, -762.93945299997, -422.000884999987, 
-1186.72847700003, 560.879707999993, -199.675559999887, -154.376029000152, -758.767128000036, -421.404838999966, 
-1209.97428900003, 567.436218000017, -197.88742100005, -156.760215000017, -758.171081000008, -415.444373999955, 
-1211.16638200008, 569.224357999861, -192.52300200006, -155.568122999975, -764.727593000047, -417.828560000053, 
-821.948052000022, 475.645066000056, -18.477440000046, -87.0227820000146, -756.978987999959, -488.758086999878, 
-811.219215999823, 478.625296999933, -25.0339510000777, -81.0623159999959, -755.786896000151, -481.605529000051, 
-817.775725999847, 485.777853999985, -25.0339499998372, -83.4465030001011, -757.575034999987, -486.969948000042, 
-835.657119000098, 475.049019000027, -26.8220899999142, -82.8504570000805, -757.575034999987, -485.777854999993, 
-809.431075999979, 482.7976220001, -26.2260439998936, -84.638595999917, -756.382941999938, -488.162040999858, 
-805.258751000045, 477.433205000125, -28.6102299999911, -84.6385950001422, -756.382942000171, -485.181807999965, 
-839.233399000019, 467.896460999968, -60.2006909998599, -84.638595999917, -758.171081000008, -483.393669000128, 
-808.835028999951, 475.645065000048, -34.5706939999945, -87.0227810000069, -759.959221000085, -486.969948000042, 
-833.868980000028, 480.41343700001, -35.7627870000433, -82.8504569998477, -754.594802999869, -484.585761999944, 
-817.179680000059, 469.684601000044, -17.2853469999973, -82.2544100000523, -757.575034999987, -485.777854999993, 
-820.159911999945, 479.81739099999, -24.4379040000495, -82.8504570000805, -758.767127999803, -484.585761999944, 
-810.027123000007, 476.241110999836, -25.6299970000982, -85.8306879999582, -755.190849999897, -485.777854999993, 
-825.52433000016, 494.718552000122, -34.5706939999945, -82.2544100000523, -757.575034999987, -484.585761999944, 
-802.874564999947, 488.162040999858, -29.2062760000117, -86.4267349999864, -760.55526799988, -485.181807999965, 
-829.100609000074, 480.41343700001, -20.8616259999108, -83.4465030001011, -756.382942999946, -485.777854999993, 
-810.027123000007, 482.201575999847, -28.0141829999629, -84.0425490001217, -759.959221000085, -484.585762000177, 
-805.85479799984, 486.373901000014, -21.4576719999313, -84.0425490001217, -758.767128000036, -485.181807999965, 
-817.179680000059, 469.684601000044, -25.6299970000982, -87.0227820000146, -757.575034999987, -486.373901000014, 
-820.755958999973, 476.837158000097, -19.0734860000666, -84.0425489998888, -757.575034999987, -485.777855000226, 
-799.894333000062, 488.162041000091, -33.9746469999664, -79.8702239999548, -755.786895999918, -485.777854999993, 
