FA, FB, FC, TA, TB, TC, 
-807.046889999881, 478.625297999941, -22.6497649999801, -86.4267349999864, -754.594803000102, -483.393668999895, 
-807.046891000122, 457.76367200003, -29.2062759997789, -83.4465030001011, -754.594802999869, -481.605529000051, 
-817.179678999819, 460.743904000148, -28.0141829999629, -84.638595999917, -755.19084899989, -479.817389999982, 
-814.199447999941, 470.280648000073, -29.8023220000323, -84.0425490001217, -752.210617000004, -479.81739099999, 
-810.027122, 483.393668999895, -44.7034839999396, -89.4069670001045, -758.767128000036, -486.373902000021, 
-802.874564999947, 471.472739999881, -34.5706939999945, -84.0425489998888, -753.40270999982, -485.181809000205, 
-806.450843000086, 472.068787000142, -26.8220910001546, -87.6188280000351, -755.190849000122, -482.797623000108, 
-812.411309000105, 470.280647000065, -24.4379040000495, -79.2741779999342, -753.402710000053, -484.585761999944, 
-810.623169000028, 474.452973000007, -19.669532999862, -82.8504560000729, -756.382941999938, -486.969948000042, 
-804.662703999784, 466.704368999926, -29.2062760000117, -81.6583630000241, -753.40270999982, -483.393669999903, 
-814.795493999962, 473.856925999979, -25.6299980001058, -85.2346419999376, -753.402710000053, -482.797622999875, 
-806.450843999861, 457.763671999797, -14.3051149998792, -82.2544089998119, -753.40270999982, -481.009483000031, 
-817.775727000088, 474.452973000007, -14.9011609998997, -87.0227810000069, -750.422477999935, -484.585761999944, 
-808.238983000163, 472.068786999909, -21.4576719999313, -86.4267349999864, -756.382941999938, -489.950179999927, 
-806.450844000094, 487.565994000062, -21.4576719999313, -79.8702240001876, -752.8066639998, -482.797623000108, 
-809.431076000212, 467.30041500018, -27.4181359999347, -82.8504559998401, -755.786895999918, -484.585762000177, 
-793.33782200003, 464.916228999849, -26.8220899999142, -86.4267349999864, -751.614569999976, -481.009483000031, 
-815.391539999982, 478.625297999941, -31.5904609998688, -81.6583630000241, -751.018523999956, -481.605529000051, 
-827.908515999792, 475.645065000048, -33.3786009999458, -81.0623170000035, -755.786896000151, -481.605530000059, 
-806.450843999861, 477.433204999892, -27.4181369999424, -82.2544090000447, -755.19084899989, -479.817389999982, 
-873.804092000006, 470.876693000086, -63.1809229999781, -106.692314000102, -783.20503299986, -498.890876999823, 
-854.134559999919, 473.260879999958, -46.491623000009, -101.923941999907, -783.205033000093, -501.275062999921, 
-844.597817000002, 476.241111000068, -45.2995299999602, -107.884406999918, -780.820846999995, -501.275062000146, 
-853.53851299989, 460.743904000148, -32.186507999897, -110.864639000036, -781.416893000016, -501.275063000154, 
-849.962233999977, 488.758086999878, -39.3390659999568, -107.884407000151, -783.205032000085, -498.890877000056, 
-860.69107099995, 476.837158000097, -36.9548800000921, -98.9437100000214, -778.436661000131, -499.486923999852, 
-829.696655000094, 497.698784000007, -41.1272050000262, -104.904174000025, -780.224799999967, -498.890877000056, 
-849.366187999956, 476.837158000097, -39.9351120002102, -103.712081999984, -779.628753999947, -497.698784000007, 
-848.174095999915, 491.142272999976, -34.5706939999945, -104.904175000032, -777.84061399987, -498.890877000056, 
-841.617584000109, 479.221343999961, -20.2655790001154, -108.480453000171, -779.032708000159, -500.082969999872, 
-826.716422999976, 481.009482999798, -32.1865080001298, -108.480452999938, -783.801079000114, -498.890876000049, 
-834.465027000057, 471.472739999881, -39.3390660001896, -104.904175000032, -780.2248000002, -498.890877000056, 
-858.902930999873, 485.777854999993, -29.2062759997789, -101.923943000147, -779.032707000151, -495.91064399993, 
-847.578048999887, 483.989714999916, -43.5113910001237, -107.288360000122, -777.244568000082, -501.275063000154, 
-860.691069999943, 479.221344000194, -56.6244119999465, -106.096267000074, -777.84061500011, -501.275061999913, 
-838.637351999991, 478.029251000145, -37.5509259998798, -107.288360999897, -780.224799999967, -499.486922999844, 
-830.888748999918, 488.162040999858, -38.146972999908, -104.904174000025, -779.628753999947, -496.506690999959, 
-851.154328000033, 488.162040999858, -44.1074369999114, -99.5397570000496, -779.032707000151, -499.486923000077, 
-836.253165999893, 475.645065000048, -45.8955759999808, -106.096266999841, -776.648521000054, -500.679016000126, 
-839.233398000011, 481.009483000031, -44.1074370001443, -104.904175000032, -782.608985000057, -498.890877000056, 
-853.538513000123, 482.797622999875, -53.0481340000406, -126.361846999964, -808.238983000163, -514.984129999997, 
-875.59223199985, 494.718551000115, -60.7967370001134, -127.553940000013, -805.258751000045, -516.176224000053, 
-876.188278999878, 494.122504999861, -57.2204589999747, -128.746032000054, -809.431075999979, -515.580177000025, 
-872.015953000169, 478.625296999933, -56.0283659999259, -123.977660999866, -807.046890000114, -516.772270000074, 
-857.114792000037, 483.989716000156, -39.9351119999774, -123.381615000078, -811.219216000056, -520.34854799998, 
-867.247580999974, 487.565994000062, -51.8560409999918, -128.746032999828, -806.450843000086, -514.388083999977, 
-874.996185000055, 490.546226999955, -52.4520870000124, -129.342078999849, -811.219215000048, -518.560409999918, 
-852.346420999849, 489.95018000016, -59.008598000044, -128.149987000041, -806.450844000094, -514.388083999977, 
-873.208045999985, 482.797622999875, -43.5113899998832, -125.169754000148, -806.450843999861, -513.792037999956, 
-880.360603000037, 491.738318999996, -46.491623000009, -129.938125000102, -807.64293699991, -514.984131000005, 
-866.651534999954, 480.41343700001, -51.8560410002247, -123.977661000099, -807.64293699991, -516.772270000074, 
-889.301300000167, 490.546226999955, -37.5509260001127, -125.765799999936, -805.854797000065, -513.792038000189, 
-885.128975, 493.526458999841, -51.2599949999712, -123.977661000099, -810.623169000028, -514.984129999997, 
-874.996184999822, 488.162040999858, -61.3927840001415, -122.78556800005, -810.623168999795, -514.984131000005, 
-877.380371000152, 494.122505999869, -48.8758089998737, -125.169753999915, -803.470610999968, -514.388084999984, 
-867.247581000207, 497.698784000007, -56.0283659999259, -124.573707999894, -808.23898299993, -513.792037999956, 
-854.134559999919, 492.334365000017, -52.45208800002, -125.169754000148, -807.046889999881, -516.176224000053, 
-877.380370999919, 492.334365999792, -48.8758090001065, -128.149987000041, -806.450844000094, -516.176224000053, 
-882.148741999874, 489.354133999906, -49.4718550001271, -121.593476000009, -807.046890000114, -517.964363000123, 
-889.301299999934, 483.989715999924, -45.2995299999602, -122.785568999825, -808.23898299993, -516.176224000053, 
-846.982002000092, 489.950179999927, -41.1272050000262, -146.031380000059, -835.061073000077, -529.289245999884, 
-876.784323999891, 497.698784000007, -57.8165049999952, -145.435334000038, -835.061072999844, -531.673430999974, 
-898.838043999858, 498.890875999816, -57.2204589999747, -149.607658999972, -832.080840999959, -532.269478000002, 
-906.586647000164, 490.546226999955, -57.8165049999952, -150.799751000013, -832.080841000192, -527.50110600004, 
-883.34083599993, 487.565994000062, -62.5848769999575, -149.607658999972, -832.080840999959, -527.50110600004, 
-908.374787000008, 489.950179999927, -59.008598000044, -147.819518999895, -832.080840999959, -531.673430999974, 
-905.394553999882, 482.201575999847, -53.0481340000406, -149.607658000197, -832.080840999959, -530.481337999925, 
-892.281532000052, 491.738318999996, -64.969063000055, -144.243239999982, -832.080840999959, -529.885291999904, 
-890.493392999982, 492.334365999792, -58.4125520000234, -144.839286000002, -833.868980999803, -529.885292000137, 
-892.87757900008, 496.506690999959, -60.2006910000928, -149.607658000197, -832.080840999959, -529.885291999904, 
-913.143157999963, 496.506690999959, -57.8165060000028, -144.243241000222, -830.88874799991, -531.673431999981, 
-909.566879000049, 498.294831000036, -54.8362729998771, -145.43533300003, -832.676887999987, -529.289246000117, 
-883.936881999951, 500.082970000105, -53.6441800000612, -148.415565999923, -832.676887000212, -529.289246000117, 
-899.434090000112, 489.354134000139, -60.7967369998805, -147.2234720001, -832.080840999959, -531.673431999981, 
-891.685485999798, 498.294831000036, -64.969063000055, -149.607658000197, -830.29270199989, -532.86552500003, 
-882.148742000107, 487.565994000062, -54.8362730001099, -145.435334000038, -832.080840999959, -529.885292000137, 
-889.301300000167, 489.950179999927, -51.8560409999918, -148.415565999923, -834.465027000057, -529.885292000137, 
-887.51316000009, 495.31459799991, -50.0679009999149, -144.83928700001, -833.868979999796, -529.289245000109, 
-874.996186000062, 501.275062000146, -54.2402260000817, -147.819519999903, -831.484794999938, -525.71296699997, 
-883.34083599993, 488.758086999878, -53.6441799998283, -148.415565000148, -833.272934000008, -530.481339000165, 
-928.044319000095, 501.871108999942, -79.274178000167, -174.045563000022, -863.07525600004, -548.958778999979, 
-907.182692999952, 516.176223000046, -65.5651090000756, -169.873237999855, -857.114792000037, -544.786453000037, 
-900.62618300016, 500.679016000126, -69.1413879999891, -169.873237999855, -858.902932000114, -542.9983140002, 
-931.024551999988, 495.314598000143, -81.6583630000241, -169.87323700008, -857.710838000057, -544.190407000016, 
-916.123390999855, 494.718552000122, -71.525573000079, -177.621840999927, -855.922698999988, -548.362732000183, 
-910.16292500007, 498.294830000028, -64.969063000055, -170.469283999875, -857.114791999804, -545.978546000086, 
-910.162925999844, 489.95018000016, -62.5848769999575, -168.08509800001, -854.730606999947, -543.594359999988, 
-926.852226999821, 489.95018000016, -66.7572019998915, -169.873236999847, -855.922698999988, -544.786453000037, 
-911.951064999914, 497.698784000007, -67.9492949999403, -166.893004999962, -858.902931000106, -547.170639000135, 
-911.951064999914, 498.890877000056, -68.5453419999685, -163.316725999815, -853.53851299989, -545.382500000065, 
-922.679900999879, 503.659248999786, -71.5255740000866, -176.429747999879, -860.095023999922, -548.958777999971, 
-920.295715000015, 499.486922999844, -81.0623170000035, -170.469283999875, -855.326652999967, -547.76668599993, 
-907.182693000184, 501.871109000174, -71.5255740000866, -168.08509800001, -860.69107099995, -542.998313999968, 
-936.985015999991, 497.102736999979, -73.3137129999232, -169.277192000067, -858.902931000106, -546.574592999881, 
-935.792923000176, 491.738320000004, -76.2939450000413, -165.700912999921, -858.902931000106, -545.978546000086, 
-900.62618300016, 506.043433999876, -81.0623170000035, -167.489050999982, -857.710839000065, -545.382500000065, 
-941.753386999946, 491.738320000004, -72.1216200001072, -169.277191999834, -854.134559000144, -546.574592999881, 
-911.355018999893, 489.354134000139, -84.0425490001217, -167.489050999982, -857.710839000065, -545.978546000086, 
-930.428505000193, 503.06320199999, -79.2741779999342, -166.296958999941, -858.902931000106, -545.382499000058, 
-935.792922999943, 506.043434000108, -68.5453409999609, -173.449515999993, -856.518745000008, -550.746918000048, 
-929.832457999932, 505.44738700008, -85.2346419999376, -274.181365999859, -895.857811000198, -563.859939000104, 
-935.792923000176, 511.407852000091, -85.2346420001704, -185.966491000028, -877.976417999947, -562.071801000042, 
-952.482224000152, 494.718551999889, -76.2939450000413, -188.946723999921, -876.18827799987, -557.303428000072, 
-932.81269000005, 491.738318999996, -110.864639000036, -190.13881699997, -881.552696000086, -557.30342900008, 
-928.640366000123, 495.314598000143, -90.5990599999204, -186.562538000057, -886.917115000077, -559.091568000149, 
-942.945479999995, 509.023665999994, -81.0623170000035, -189.542769999942, -880.360603000037, -559.687614999944, 
-931.02455099998, 497.698784000007, -76.8899920000695, -187.754630999872, -876.784324000124, -561.475754000014, 
-934.004783000099, 499.486922999844, -79.2741779999342, -192.523003000068, -881.552696000086, -559.091567999916, 
-927.448273000075, 499.486923000077, -66.1611550000962, -187.158584000077, -876.784324999899, -559.687613999937, 
-938.773155000061, 501.275062000146, -78.0820849998854, -190.734862999991, -880.360603000037, -562.071799999801, 
-951.290131000103, 504.255295000039, -87.0227810000069, -187.754631000105, -878.572463999968, -556.707382000051, 
-922.083855000092, 503.06320199999, -79.8702240001876, -191.330910000019, -880.956649999833, -561.475753000006, 
-943.541527000023, 506.639479999896, -79.274178000167, -187.158584999852, -879.764557000017, -559.091567999916, 
-922.083854999859, 502.467155000195, -75.1018530000001, -190.734862999991, -878.572463999968, -560.283660999965, 
-944.733620000072, 500.082969000097, -78.6781310001388, -187.158585000085, -879.168509999989, -562.667846000055, 
-924.468040999956, 498.294830000028, -83.4465020000935, -190.13881699997, -876.18827799987, -560.283660999965, 
-953.674316000193, 505.447387999855, -70.9295270000584, -190.734862999991, -880.360603000037, -560.283660999965, 
-951.886176999891, 500.679016000126, -81.6583630000241, -189.542771000182, -880.360604000045, -562.071800000034, 
-941.753386999946, 509.023665999994, -81.6583640000317, -188.946724000154, -878.572463999968, -559.091567999916, 
-949.501990999794, 498.294830000028, -80.466270999983, -191.926957000047, -877.976417999947, -559.091568000149, 
-953.674315999961, 535.249709999887, -95.3674319998827, -187.158585000085, -877.976417999947, -557.30342900008, 
-955.462456000037, 494.122505000094, -100.731849999866, -203.847885000054, -889.897347000195, -563.263893000083, 
-944.733618999831, 514.984131000005, -90.5990599999204, -215.768814000068, -897.645950000035, -570.416449999902, 
-968.575478000101, 501.275062000146, -97.1555710001849, -211.596488999901, -901.222228999948, -569.224356999854, 
-944.733619000064, 505.447387999855, -92.3871990002226, 2442.59834200004, 1629.59098799992, -867.247580999974, 
-956.654549000086, 499.486923000077, -92.983246000018, -218.152999999933, -889.897345999954, -568.032264000038, 
-946.521758999908, 508.427619999973, -97.7516179999802, -196.695328000002, -897.049904000014, -568.628310999833, 
-972.747803000035, 504.85134100006, -92.983246000018, -211.596489000134, -899.434089999879, -567.436219000025, 
-950.694083999842, 505.44738700008, -97.155570999952, -209.212303000037, -901.222228999948, -568.628311000066, 
-942.945479999995, 503.659248000011, -91.195105999941, -209.808349000057, -896.453857999993, -568.628311000066, 
-973.939894999843, 485.777854999993, -102.519989000168, -211.596488999901, -898.838044000091, -565.648078999948, 
-962.61501300009, 507.235527000157, -85.2346419999376, -210.404396000085, -897.645950000035, -571.012496999931, 
-958.442687999923, 509.023667000001, -90.5990599999204, -208.020209999988, -903.010368000017, -575.184821999865, 
-964.999198999954, 501.871108999942, -90.0030139998998, -212.78858199995, -903.606414999813, -570.41645099991, 
-970.959662999958, 504.85134100006, -92.3871999999974, -208.616257000016, -902.414321999997, -569.224358000094, 
-968.575478000101, 510.811806000071, -79.8702239999548, -209.212302999804, -900.03013700014, -567.436218000017, 
-972.151757000014, 517.96436299989, -87.6188280000351, -213.980674999999, -900.030136000132, -571.608542999951, 
-946.521758999908, 503.06320199999, -91.195105999941, -208.616257000016, -901.222229000181, -568.628312000073, 
-949.501992000034, 500.679016000126, -103.712081999984, -208.616257000016, -898.24199699983, -569.820403999882, 
-975.131988999899, 506.639481000137, -99.5397570000496, -206.828117999947, -897.645951000042, -568.032264000038, 
-1001.95407900005, 522.136688000057, -114.440918000182, -208.020209999988, -899.434089999879, -572.204589999979, 
-990.033149000024, 506.043434000108, -113.844870999921, -212.19253599993, -898.838042999851, -571.608542999951, 
-1018.64337900002, 513.195990999928, -110.268592999782, -206.232070999919, -900.626182999928, -571.012497000163, 
-990.033150000032, 516.772270000074, -123.977660999866, -209.212303000037, -900.62618300016, -572.204589999979, 
-1017.45128699997, 516.772269999841, -110.268593000015, -208.616256000008, -899.434089999879, -566.840170999989, 
-1008.51058999985, 517.368316000095, -106.096267999848, -211.596489000134, -903.606414999813, -573.396683000028, 
-995.993614000035, 504.851342000067, -112.056733000092, -225.901603000006, -917.315483000129, -578.165053999983, 
-999.569893000182, 509.023665999994, -109.076498999959, -240.206718000118, -941.157340999926, -595.450401999988, 
-998.377800000133, 513.792037999956, -112.056732000085, -253.319740999956, -946.521758999908, -597.834587000078, 
-1008.51058900007, 514.984131000005, -110.864639000036, -252.723693999927, -948.905945000006, -602.006912000012, 
-1006.72245, 504.255295000039, -128.149986000033, -247.955321999965, -948.309897999978, -599.026680000126, 
-1014.47105499986, 508.427619999973, -127.553940000013, -250.33950900007, -947.117806000169, -596.046448000008, 
-1022.21965800016, 515.580177000025, -121.593475000001, -252.72369400016, -947.71385099995, -599.622726999922, 
-1002.55012499983, 514.388083999977, -118.017196000088, -258.684157999931, -950.694084000075, -596.642495000036, 
-1008.51059000008, 521.540642000036, -117.421150000067, 3404.61731000012, -1286.8642800001, -1181.36405999982, 
-1014.47105400008, 525.116919999942, -115.633010999998, -255.107880000025, -942.945479999995, -597.834586999845, 
-995.397567000007, 516.176222999813, -118.613242999883, -249.743462000042, -947.117805999937, -593.662262000144, 
-987.052917000139, 518.560410000151, -119.209289999912, -253.319739999948, -950.098037000047, -599.026679999894, 
-1004.93431099993, 516.176224000053, -119.209290000144, -246.167182999896, -948.905945000006, -601.410865999991, 
-1004.3382639999, 513.195991000161, -110.864639000036, -251.531600999879, -944.137572999811, -602.60295900004, 
-1033.54454000015, 491.142272999976, 25.0339510000777, -296.235085000051, -995.993614000035, -622.868537999922, 
-1101.49383500009, 513.195991999935, -147.819519000128, -288.486480000196, -991.225243000081, -625.25272400002, 
-1054.40616600006, 530.481337999925, -144.83928700001, -293.254852999933, -991.821289999876, -622.868537999922, 
-1033.54454099992, 528.693199000089, -141.263008000096, -297.427177000092, -995.993614000035, -624.060630999971, 
-1064.538955, 528.09715200006, -147.223472999875, -290.870666000061, -996.589660000056, -627.636910000118, 
-1058.57849099999, 516.176224000053, -139.474868000019, -293.254851999925, -994.205473999958, -625.848769999808, 
-1053.81011900003, 514.984130999772, -142.455100999912, -293.254852000158, -998.377800000133, -627.040862999856, 
-1046.65756199998, 532.269478000002, -151.395798000041, -291.466713000089, -994.801521999994, -625.252723000012, 
-1037.71686600009, 529.885291999904, -143.647193999961, -290.27462000004, -995.397567999782, -618.696212999988, 
-1032.3524470001, 531.673430999974, -143.05114799994, -293.254851999925, -994.801521999994, -630.617140999995, 
-1065.13500200002, 534.653663999867, -144.83928700001, -293.254853000166, -993.01338200015, -625.252723000012, 
-1029.37221499998, 542.998313999968, -147.223471999867, -290.27462000004, -994.801520999987, -620.484352999832, 
-1063.34686299996, 531.673431999981, -143.647194000194, -292.06275900011, -994.80152100022, -624.656676999992, 
-1043.67732999986, 534.653663000092, -142.455101000145, -295.042990999995, -998.973846000154, -630.021094999975, 
-1041.293144, 531.673430999974, -137.090683000162, -293.850899000186, -1002.55012500007, -623.464584999951, 
-1055.00221299985, 528.693199000089, -133.514405000024, -291.466713000089, -983.476639, -606.179237999953, 
-1041.293145, 532.269476999994, -147.223471999867, -308.156013999833, -1007.91454300005, -635.385513999965, 
-1052.61802699999, 522.136688999832, -140.666961999843, -299.811362999957, -997.185707000084, -627.040864000097, 
-1062.75081599993, 521.540641000029, -144.83928700001, -294.446944999974, -1000.16593899997, -625.252723000012, 
-1031.75640100008, 524.520873999922, -150.203704999993, -293.254852000158, -1000.1659390002, -622.272490999894, 
-811.219215000048, 483.393668999895, -30.9944159998558, -86.4267349999864, -756.382941999938, -481.605530000059, 
-810.623169000028, 458.955764999846, -20.2655790001154, -84.0425500001293, -753.40270999982, -479.221344000194, 
-827.312468999997, 472.068786999909, -22.6497649999801, -86.4267349999864, -753.998756999848, -478.029250999913, 
-814.795493999962, 479.221343999961, -28.0141829999629, -89.4069669998717, -753.998756999848, -478.625297999941, 
-827.908516000025, 466.704367999919, -25.6299970000982, -87.0227810000069, -757.575034999987, -483.393670000136, 
-801.682471999899, 477.433204999892, -26.2260440001264, -88.8109199998435, -756.382941999938, -487.56599500007, 
-798.106193999993, 465.51227499987, -24.4379049998242, -91.1951069999486, -756.382942000171, -483.989715999924, 
-805.854796999833, 464.320183000062, -25.6299980001058, -81.6583630000241, -753.402710000053, -478.029250999913, 
-807.046891000122, 469.088554000016, -32.782555000158, -91.7911529999692, -759.959220999852, -475.049019000027, 
-806.450842999853, 461.935996999964, -30.3983690000605, -87.6188280000351, -753.998756999848, -481.605530000059, 
-821.352004999993, 469.088554000016, -26.822090000147, -81.6583640000317, -755.190849000122, -483.989715999924, 
-825.524329999927, 467.896460999968, -26.2260439998936, -82.2544100000523, -752.806663000025, -480.41343700001, 
-820.755958000198, 466.108321999898, -26.226042999886, -85.2346420001704, -737.905501999892, -464.320183000062, 
-810.623168999795, 464.320181999821, -30.3983689998277, -83.4465029998682, -749.230384999886, -544.190407000016, 
-826.120376999956, 471.472740000114, -31.5904619998764, -85.2346419999376, -757.575034999987, -481.009483000031, 
-820.159912000177, 473.260880000191, -24.4379050000571, -83.4465020000935, -759.363175000064, -480.41343700001, 
-818.967818999896, 466.704367999919, -25.03395000007, -84.638595999917, -753.402710000053, -485.181807999965, 
-804.066657999996, 467.300414999947, -22.0537189999595, -88.2148739998229, -765.323638999835, -480.41343700001, 
-807.64293699991, 478.029250999913, -27.4181360001676, -82.8504560000729, -755.190849999897, -478.625296999933, 
-811.219216000056, 470.280648000073, -18.477440000046, -86.4267349999864, -758.171082000015, -478.625296999933, 
